0 0.7140522875816994 0.05957943925233645 0.21568627450980393 0.1191588785046729
0 0.7181372549019608 0.2955607476635514 0.21568627450980393 0.31542056074766356
0 0.7254901960784313 0.6296728971962616 0.20751633986928106 0.3014018691588785
0 0.7230392156862745 0.9088785046728972 0.21568627450980393 0.17523364485981308
0 0.4950980392156863 0.9182242990654206 0.21895424836601307 0.16355140186915887
0 0.4934640522875817 0.6647196261682243 0.20915032679738563 0.308411214953271
0 0.4918300653594771 0.3247663551401869 0.2107843137254902 0.3341121495327103
0 0.4934640522875817 0.07009345794392523 0.2222222222222222 0.14018691588785046
0 0.25980392156862747 0.07242990654205607 0.22058823529411764 0.1378504672897196
0 0.26552287581699346 0.3352803738317757 0.2222222222222222 0.3341121495327103
0 0.2687908496732026 0.6810747663551402 0.2238562091503268 0.3341121495327103
0 0.27450980392156865 0.9322429906542056 0.21241830065359477 0.13551401869158877