0 0.22875816993464052 0.8856812933025404 0.2173202614379085 0.16859122401847576
0 0.25326797385620914 0.648960739030023 0.238562091503268 0.3394919168591224
0 0.28431372549019607 0.32909930715935337 0.2369281045751634 0.3441108545034642
0 0.30718954248366015 0.08314087759815242 0.22875816993464052 0.16628175519630484
0 0.45588235294117646 0.9133949191685913 0.23202614379084968 0.17321016166281755
0 0.4803921568627451 0.6789838337182448 0.2434640522875817 0.3510392609699769
0 0.5138888888888888 0.34872979214780603 0.2434640522875817 0.36027713625866054
0 0.5383986928104575 0.09006928406466513 0.2369281045751634 0.18013856812933027
0 0.7712418300653595 0.11431870669745958 0.23202614379084968 0.17090069284064666
0 0.7426470588235294 0.3579676674364896 0.24509803921568626 0.3579676674364896
0 0.7066993464052288 0.6974595842956121 0.24509803921568626 0.3510392609699769
0 0.6821895424836601 0.9330254041570438 0.2238562091503268 0.13394919168591224