0 0.13183006535947714 0.1850233644859813 0.21160130718954248 0.30600467289719635
0 0.3614542483660131 0.18415887850467288 0.21696078431372554 0.3042757009345795
0 0.5947058823529412 0.18025700934579442 0.20781045751633978 0.291285046728972
0 0.8379411764705883 0.18717289719626168 0.21498366013071885 0.30514018691588785
0 0.8482352941176471 0.5115887850467291 0.22102941176470586 0.31014018691588796
0 0.6152777777777778 0.5120327102803739 0.21264705882352938 0.29542056074766354
0 0.377483660130719 0.5077102803738318 0.23088235294117648 0.29714953271028033
0 0.1357516339869281 0.5007710280373832 0.22310457516339868 0.3144626168224299
0 0.13848039215686275 0.8351401869158879 0.2103921568627451 0.313411214953271
0 0.3811111111111111 0.8321028037383177 0.23088235294117646 0.31254672897196256
0 0.6222385620915033 0.8338317757009346 0.2301797385620915 0.31600467289719625
0 0.8576143790849673 0.8269158878504673 0.20710784313725492 0.3021495327102805