0 0.7361111111111112 0.07043879907621248 0.20751633986928106 0.13394919168591224
0 0.7320261437908496 0.3094688221709007 0.21405228758169934 0.30484988452655887
0 0.7287581699346405 0.6327944572748267 0.21241830065359477 0.3094688221709007
0 0.7279411764705882 0.9064665127020786 0.21405228758169934 0.18706697459584296
0 0.5040849673202614 0.07390300230946882 0.22058823529411764 0.14780600461893764
0 0.5040849673202614 0.3187066974595843 0.2173202614379085 0.3163972286374134
0 0.4991830065359477 0.6524249422632794 0.2173202614379085 0.325635103926097
0 0.4950980392156863 0.9191685912240185 0.22549019607843138 0.16166281755196305
0 0.2622549019607843 0.9284064665127021 0.2238562091503268 0.13625866050808313
0 0.27124183006535946 0.6824480369515011 0.21895424836601307 0.3233256351039261
0 0.2777777777777778 0.3394919168591224 0.22058823529411764 0.3163972286374134
0 0.2777777777777778 0.07505773672055427 0.21241830065359477 0.15011547344110854