0 0.7508169934640523 0.0969626168224299 0.2222222222222222 0.1542056074766355
0 0.7336601307189542 0.3352803738317757 0.23366013071895425 0.3411214953271028
0 0.7124183006535948 0.6682242990654206 0.22549019607843138 0.3247663551401869
0 0.6862745098039216 0.9217289719626168 0.22549019607843138 0.15654205607476634
0 0.4599673202614379 0.9088785046728972 0.22712418300653595 0.1822429906542056
0 0.4795751633986928 0.6623831775700935 0.22712418300653595 0.3317757009345794
0 0.5073529411764706 0.3247663551401869 0.23039215686274508 0.3598130841121495
0 0.5310457516339869 0.07827102803738317 0.22875816993464052 0.15654205607476634
0 0.2965686274509804 0.05841121495327103 0.22712418300653595 0.11682242990654206
0 0.2818627450980392 0.2955607476635514 0.24183006535947713 0.3598130841121495
0 0.2549019607843137 0.639018691588785 0.2434640522875817 0.3598130841121495
0 0.24019607843137256 0.8948598130841121 0.21895424836601307 0.16822429906542055