0 0.13183006535947714 0.17475750577367205 0.21160130718954248 0.2913625866050808
0 0.36114379084967324 0.17519630484988455 0.21272875816993464 0.29734411085450346
0 0.5895588235294118 0.1743418013856813 0.2156699346405229 0.295635103926097
0 0.8331045751633988 0.16877598152424939 0.2270915032679739 0.2999076212471132
0 0.1396895424836601 0.49926096997690533 0.2200653594771242 0.3091224018475751
0 0.3720424836601307 0.49799076212471133 0.21998366013071893 0.3014318706697459
0 0.6080228758169934 0.49884526558891457 0.22717320261437904 0.3031408775981524
0 0.8518627450980393 0.49755196304849886 0.22102941176470586 0.315958429561201
0 0.8691013071895425 0.8272055427251732 0.2155718954248367 0.31321016166281757
0 0.632826797385621 0.8199307159353348 0.2259477124183006 0.3038106235565819
0 0.3908006535947713 0.816512702078522 0.2211928104575164 0.30722863741339485
0 0.1445261437908497 0.8195150115473442 0.22248366013071894 0.29782909930715945